#WAVELENGTH FLUX
1.402895103131188080e+03 -2.367533146833093699e-17
1.402974829838145524e+03 -4.534914103950251961e-17
1.403054556544870138e+03 -4.325973823329461275e-17
1.403134283251594752e+03 3.924667273226451782e-17
1.403214009958552197e+03 -2.046771447721057031e-17
1.403293736665509641e+03 -1.732498525565161961e-17
1.403373463372234255e+03 -1.785004848922731084e-17
1.403453190079191700e+03 6.096470007026073509e-19
1.403532916785916314e+03 -1.916429703468932524e-17
1.403612643492873758e+03 -1.817080017945393561e-17
1.403692370199598372e+03 4.830601601231060584e-18
1.403772096906555817e+03 -3.546792764643599435e-17
1.403851823613513261e+03 2.942348978148134394e-17
1.403931550320237875e+03 3.028495124016040674e-17
1.404011277026962489e+03 5.166932204319355945e-17
1.404091003733919933e+03 9.469313471730794159e-17
1.404170730440877378e+03 3.186061822410092353e-17
1.404250457147601992e+03 8.752709081333905766e-18
1.404330183854559436e+03 7.067063058280482357e-18
1.404409910561284050e+03 -1.506898496535308277e-17
1.404489637268241495e+03 -1.769916371446243189e-17
1.404569363974966109e+03 1.065250637471302017e-18
1.404649090681923553e+03 4.081216043158695705e-17
1.404728817388648167e+03 -4.432840223156361484e-18
1.404808544095372781e+03 -2.824674967309861347e-18
1.404888270802330226e+03 -2.552737438417644627e-17
1.404967997509054840e+03 -2.681514735977247592e-17
1.405047724216012284e+03 -3.716880247815682528e-18
1.405127450922969729e+03 -6.096562651254679448e-18
1.405207177629694343e+03 -4.964168729486682483e-17
1.405286904336418957e+03 -3.025209976213286325e-17
1.405366631043376401e+03 -6.891402569808415123e-18
1.405446357750333846e+03 -6.420413373646234142e-18
1.405526084457058460e+03 1.706170276566272898e-17
1.405605811164015904e+03 8.499160025612926617e-17
1.405685537870740518e+03 4.325881013664732826e-17
1.405765264577697963e+03 -2.527077055045330879e-17
1.405844991284422576e+03 -2.703800925553865657e-17
1.405924717991380021e+03 -2.785894175933476495e-17
1.406004444698337466e+03 1.497223998886041203e-17
1.406084171405062079e+03 3.445620800230606152e-17
1.406163898111786693e+03 3.695704300057233136e-17
1.406243624818744138e+03 -4.342940703899965213e-17
1.406323351525701582e+03 -2.898473953610311094e-19
1.406403078232426196e+03 -2.375746843520592125e-17
1.406482804939383641e+03 -2.396089324093833086e-17
1.406562531646108255e+03 -2.395708821012058693e-17
1.406642258353065699e+03 -2.253041423888404032e-17
1.406721985059790313e+03 -3.668579103897179859e-18
1.406801711766514927e+03 -2.613951492083559472e-17
1.406881438473472372e+03 3.906767870592386188e-17
1.406961165180196986e+03 1.556898297200719215e-17
1.407040891887154430e+03 -2.406650848872971399e-17
1.407120618593879044e+03 -4.355351556374588330e-17
1.407200345300836489e+03 -4.577445084069768474e-17
1.407280072007793933e+03 -2.390757731455622546e-17
1.407359798714518547e+03 1.871376732379803085e-17
1.407439525421243161e+03 -2.162810660155710901e-17
1.407519252128200606e+03 6.608800366714674728e-17
1.407598978835158050e+03 4.624882155120398250e-17
1.407678705541882664e+03 -1.703100237081812963e-17
1.407758432248840109e+03 -3.332263307341849197e-17
1.407838158955564722e+03 1.119333649794458466e-17
1.407917885662522167e+03 1.286574184093287175e-17
1.407997612369246781e+03 1.241368432745019192e-17
1.408077339076204225e+03 -6.586089378534480055e-18
1.408157065783161670e+03 1.774417371351873920e-17
1.408236792489886284e+03 -6.894942282444682667e-18
1.408316519196610898e+03 1.508445655153027460e-17
1.408396245903568342e+03 1.488188167387726322e-17
1.408475972610525787e+03 -3.228107785177438398e-17
1.408555699317250401e+03 1.005479476306894045e-17
1.408635426024207845e+03 -3.477353723274824814e-17
1.408715152730932459e+03 -3.351181052028028823e-17
1.408794879437657073e+03 -3.363652991790888981e-17
1.408874606144614518e+03 -3.311697488003218919e-17
1.408954332851339132e+03 6.911862055079301710e-18
1.409034059558296576e+03 6.980596007693936130e-17
1.409113786265021190e+03 1.810592895350477069e-18
1.409193512971978635e+03 -2.216104542174491762e-17
1.409273239678703249e+03 -1.998434528241061444e-17
1.409352966385660693e+03 1.367887072283015487e-18
1.409432693092618138e+03 -1.876485730715175605e-17
1.409512419799342752e+03 2.473438693660452310e-17
1.409592146506067365e+03 -1.794191227292530615e-17
1.409671873213024810e+03 -1.865817623714109835e-17
1.409751599919982255e+03 4.501565738528747863e-17
1.409831326626706868e+03 1.970627942051417610e-18
1.409911053333664313e+03 -2.061764882145162583e-17
1.409990780040388927e+03 -4.041261441134067479e-17
1.410070506747346371e+03 5.186072129718067314e-18
1.410150233454070985e+03 -3.518216321457852499e-17
1.410229960161028430e+03 4.259681542446960883e-18
1.410309686867985874e+03 2.722393257387066922e-18
1.410389413574710488e+03 2.631557535113383135e-17
1.410469140281435102e+03 -1.774544943281844910e-17
1.410548866988392547e+03 2.777199721873962249e-17
1.410628593695349991e+03 -3.941963206244629314e-17
1.410708320402074605e+03 -3.869095832109067415e-17
1.410788047109032050e+03 -1.602797184543276008e-17
1.410867773815756664e+03 5.952146842470271452e-18
1.410947500522481278e+03 -1.490001471367534442e-17
1.411027227229438722e+03 -1.499470083762337067e-17
1.411106953936163336e+03 4.596044612374298950e-18
1.411186680643120781e+03 -1.523620903875772167e-17
1.411266407349845394e+03 -1.414669843469115818e-17
1.411346134056802839e+03 7.437031788158859142e-17
1.411425860763527453e+03 -1.272953455895713373e-17
1.411505587470484897e+03 2.939395447052952554e-17
1.411585314177442342e+03 -1.341921541982730927e-17
1.411665040884166956e+03 7.514685229318652859e-18
1.411744767590891570e+03 -1.413964341124669341e-17
1.411824494298081845e+03 6.268558316022830492e-18
1.411904221004806459e+03 2.884032455449931550e-17
1.411983947711531073e+03 7.578890988465018867e-18
1.412063674418255687e+03 5.782758864583193827e-18
1.412143401125445962e+03 4.251005245001892175e-18
1.412223127832170576e+03 -1.646183841647448001e-17
1.412302854538895190e+03 8.204500920628674546e-18
1.412382581245619804e+03 5.136841152072993787e-17
1.412462307952810079e+03 -3.361464850916502457e-17
1.412542034659534693e+03 -3.089178624037064008e-17
1.412621761366259307e+03 1.310491325683676045e-17
1.412701488073449582e+03 3.435434298461684068e-17
1.412781214780174196e+03 5.495235267717007939e-17
1.412860941486898810e+03 9.958153101434777594e-17
1.412940668193623424e+03 5.693942414261843863e-17
1.413020394900813699e+03 -8.219709049780768236e-18
1.413100121607538313e+03 -1.167669866170933383e-17
1.413179848314262927e+03 3.224838519242445067e-17
1.413259575020987540e+03 2.879304704658884720e-17
1.413339301728177816e+03 -1.754447680401195295e-17
1.413419028434902430e+03 -1.972251408080644810e-17
1.413498755141627043e+03 -1.317740074827600737e-20
1.413578481848817319e+03 -2.686949436678812867e-17
1.413658208555541933e+03 4.184487309248287317e-17
1.413737935262266546e+03 -4.665459955018523927e-18
1.413817661968991160e+03 1.354899137254044751e-17
1.413897388676181436e+03 1.070663442702053013e-16
1.413977115382906049e+03 4.874649084654795065e-16
1.414056842089165002e+03 1.022474361904216579e-15
1.414136568796355277e+03 1.231887118164730203e-15
1.414216295503079891e+03 8.772266013294823493e-16
1.414296022209804505e+03 1.956636823055057876e-16
1.414375748916994780e+03 1.296004278822866269e-16
1.414455475623719394e+03 4.181152820121994179e-17
1.414535202330444008e+03 2.299370610585610910e-17
1.414614929037168622e+03 2.275902545349777079e-17
1.414694655744358897e+03 2.909397700779686377e-18
1.414774382451083511e+03 4.885742536198641728e-17
1.414854109157808125e+03 -1.611112707164179713e-17
1.414933835864532739e+03 2.944636297977966026e-17
1.415013562571723014e+03 8.620021452864580873e-18
1.415093289278447628e+03 1.146275005063371833e-17
1.415173015985172242e+03 -9.331423663030092647e-18
1.415252742692362517e+03 1.088648516432160724e-17
1.415332469399087131e+03 1.867516813992513201e-16
1.415412196105811745e+03 3.435714964979426373e-16
1.415491922812536359e+03 5.214618496616741823e-16
1.415571649519726634e+03 4.116478678225576145e-16
1.415651376226451248e+03 1.056579819270610861e-15
1.415731102933175862e+03 1.322638188428886538e-15
1.415810829639900476e+03 1.990246740504709403e-15
1.415890556347090751e+03 1.700893284465935758e-15
1.415970283053815365e+03 1.210670994243929111e-15
1.416050009760539979e+03 1.320132162045095886e-15
1.416129736467730254e+03 8.289737680674752278e-16
1.416209463174454868e+03 2.286584797139317506e-16
1.416289189881179482e+03 3.082310957001342495e-17
1.416368916587904096e+03 3.448272327684144882e-17
1.416448643295094371e+03 3.535599811543868769e-17
1.416528370001818985e+03 -1.695605318987592490e-17
1.416608096708543599e+03 2.687312031300325487e-17
1.416687823415268213e+03 4.750810518573276705e-18
1.416767550122458488e+03 4.861375615150177149e-18
1.416847276829183102e+03 2.872724689681178523e-17
1.416927003535907716e+03 -3.760213303616161084e-17
1.417006730243097991e+03 -3.552010661306614561e-17
1.417086456949822605e+03 5.458615485690917872e-17
1.417166183656547219e+03 8.801667420249081815e-18
1.417245910363271832e+03 2.088792462721128477e-16
1.417325637070462108e+03 6.548032535630201613e-16
1.417405363777186722e+03 1.146757340695996403e-15
1.417485090483911335e+03 7.887827396258058707e-16
1.417564817190635949e+03 1.352463853010600858e-15
1.417644543897826225e+03 1.354407502456973859e-15
1.417724270604550838e+03 1.219579378716545496e-15
1.417803997311275452e+03 1.039388266519570170e-15
1.417883724018465728e+03 1.216698970387513343e-15
1.417963450725190341e+03 1.306613413636521296e-15
1.418043177431914955e+03 1.260249953537813896e-15
1.418122904138639569e+03 1.690045836436262366e-15
1.418202630845364183e+03 1.263446414344012760e-15
1.418282357552088797e+03 1.374252180774496732e-15
1.418362084258813411e+03 9.926282560352048484e-16
1.418441810966003686e+03 1.017778384774859136e-15
1.418521537672728300e+03 8.912181860285269512e-16
1.418601264379452914e+03 4.978602427333885652e-16
1.418680991086643189e+03 1.991482836198716795e-16
1.418760717793367803e+03 1.032188898403853669e-16
1.418840444500092417e+03 3.754152840781199444e-17
1.418920171206817031e+03 6.265505151022866640e-17
1.418999897914007306e+03 -3.233525776830630102e-17
1.419079624620731920e+03 1.583480656083784568e-17
1.419159351327456534e+03 1.713428476248696008e-17
1.419239078034181148e+03 4.222592004551001951e-17
1.419318804741371423e+03 4.189348794464868657e-17
1.419398531448096037e+03 -4.521373777708218312e-18
1.419478258154820651e+03 -3.121351317653946487e-17
1.419557984862010926e+03 1.026946963872237752e-17
1.419637711568735540e+03 1.006447186633713707e-16
1.419717438275460154e+03 3.142869966340176598e-17
1.419797164982184768e+03 5.069917045823207015e-16
1.419876891689375043e+03 1.211333572532028986e-15
1.419956618396099657e+03 1.464062058467910631e-15
1.420036345102824271e+03 1.667721290494640217e-15
1.420116071809548885e+03 1.484991997749103077e-15
1.420195798516739160e+03 1.508662737124263426e-15
1.420275525223463774e+03 1.665864984703507916e-15
1.420355251930188388e+03 1.646862813000927453e-15
1.420434978637378663e+03 1.871856707238959429e-15
1.420514705344103277e+03 1.601959095072804631e-15
1.420594432050827891e+03 1.535153765341535574e-15
1.420674158757552505e+03 1.330148068566026871e-15
1.420753885464742780e+03 1.060765545076031293e-15
1.420833612171467394e+03 1.240479996099384162e-15
1.420913338878192008e+03 7.613397621811056467e-16
1.420993065584916621e+03 1.400062260676625427e-15
1.421072792292106897e+03 1.446375699509330520e-15
1.421152518998831511e+03 1.605201199705204171e-15
1.421232245705556124e+03 1.373456942568478052e-15
1.421311972412746400e+03 1.588205424061542531e-15
1.421391699119471014e+03 1.256852679748666758e-15
1.421471425826195627e+03 1.054204838148183309e-15
1.421551152532920241e+03 1.214480961675568755e-15
1.421630879240110517e+03 1.505524089625437118e-15
1.421710605946835130e+03 1.363959347419372794e-15
1.421790332653559744e+03 1.511917719304439192e-15
1.421870059360284358e+03 1.218137583056530868e-15
1.421949786067474633e+03 6.487308958708500086e-16
1.422029512774199247e+03 1.505993962127772353e-16
1.422109239480923861e+03 1.546236402326053718e-16
1.422188966188114136e+03 3.348183680360381672e-17
1.422268692894838750e+03 1.125245881863650604e-17
1.422348419601097703e+03 5.932990869767676554e-17
1.422428146308287978e+03 5.624955137584615079e-17
1.422507873015012592e+03 2.887670354424909138e-17
1.422587599721737206e+03 7.091677885358529078e-18
1.422667326428461820e+03 6.482927134849622932e-18
1.422747053135652095e+03 3.255949898774391385e-17
1.422826779842376709e+03 3.594009971087412616e-17
1.422906506549101323e+03 1.262490220852861674e-16
1.422986233256291598e+03 7.756080975248727276e-17
1.423065959963016212e+03 3.411315883148745733e-17
1.423145686669740826e+03 1.019288789276420750e-16
1.423225413376465440e+03 7.250952653814859880e-16
1.423305140083655715e+03 7.703754232802143416e-16
1.423384866790380329e+03 1.210297538740973670e-15
1.423464593497104943e+03 1.489022709907731072e-15
1.423544320203829557e+03 1.742923297536710556e-15
1.423624046911019832e+03 1.627833675210377761e-15
1.423703773617744446e+03 1.697952571361526039e-15
1.423783500324469060e+03 1.627346393037690123e-15
1.423863227031659335e+03 1.673154570099913126e-15
1.423942953738383949e+03 1.721609692035081315e-15
1.424022680445108563e+03 1.185903492785862252e-15
1.424102407151833177e+03 1.185777979708435906e-15
1.424182133859023452e+03 8.154814211961017991e-16
1.424261860565748066e+03 1.442407389856113526e-15
1.424341587272472680e+03 1.350913855509019393e-15
1.424421313979197294e+03 1.537164078927835448e-15
1.424501040686387569e+03 1.396316628044307707e-15
1.424580767393112183e+03 1.654295844750439158e-15
1.424660494099836797e+03 1.826796102927137351e-15
1.424740220807027072e+03 1.582762880033409029e-15
1.424819947513751686e+03 1.805381826236237956e-15
1.424899674220476300e+03 1.755207392854266047e-15
1.424979400927200913e+03 1.003303554544516155e-15
1.425059127634391189e+03 6.476579905039901409e-16
1.425138854341115803e+03 5.450860442041516317e-16
1.425218581047840416e+03 4.080319548946713796e-16
1.425298307754565030e+03 5.729466347412423679e-16
1.425378034461755306e+03 5.266714017266698735e-16
1.425457761168479919e+03 2.269764840389215237e-16
1.425537487875204533e+03 2.962131662173878562e-16
1.425617214582394809e+03 3.890132548826811881e-16
1.425696941289119422e+03 5.743471904846375527e-16
1.425776667995844036e+03 1.064535410791574366e-15
1.425856394702568650e+03 6.917713646537787585e-16
1.425936121409758925e+03 1.065989395785095576e-15
1.426015848116483539e+03 8.819245173701956164e-16
1.426095574823208153e+03 1.349041727407130178e-15
1.426175301529932767e+03 1.440558819858069820e-15
1.426255028237123042e+03 1.206830229223722893e-15
1.426334754943847656e+03 1.137233449475218085e-15
1.426414481650572270e+03 9.236979059277319632e-16
1.426494208357762545e+03 1.038853153455142266e-15
1.426573935064021498e+03 1.276328607566558392e-15
1.426653661770746112e+03 1.021196437340993605e-15
1.426733388477936387e+03 2.477213404172843106e-16
1.426813115184661001e+03 5.794775565495935426e-17
1.426892841891385615e+03 -1.462149266167108309e-17
1.426972568598110229e+03 3.174911014162571263e-17
1.427052295305300504e+03 -3.759280450680354407e-17
1.427132022012025118e+03 -1.088288775583761412e-17
1.427211748718749732e+03 -9.923345010386301168e-18
1.427291475425940007e+03 1.279682859692046647e-17
1.427371202132664621e+03 1.160581383270690840e-17
1.427450928839389235e+03 -3.666309320296334351e-17
1.427530655546113849e+03 -1.191580059444176807e-17
1.427610382253304124e+03 -1.436841054940589012e-17
1.427690108960028738e+03 1.267951862826977801e-16
1.427769835666753352e+03 3.331061951579207807e-17
1.427849562373477966e+03 2.204941293130557875e-16
1.427929289080668241e+03 1.022262378674276389e-15
1.428009015787392855e+03 1.615511387309579472e-15
1.428088742494117469e+03 1.685827546184486946e-15
1.428168469201307744e+03 1.472932074994994357e-15
1.428248195908032358e+03 1.334336123712052252e-15
1.428327922614756972e+03 1.499105393065152238e-15
1.428407649321481586e+03 1.614185261277701808e-15
1.428487376028671861e+03 1.758223637474769208e-15
1.428567102735396475e+03 1.545820980641901012e-15
1.428646829442121089e+03 1.404083503271600915e-15
1.428726556148845702e+03 9.531429086089942800e-16
1.428806282856035978e+03 1.094452875877669821e-15
1.428886009562760592e+03 1.548328118756434936e-15
1.428965736269485205e+03 1.592952474630641448e-15
1.429045462976675481e+03 1.634921143987189314e-15
1.429125189683400095e+03 1.325067445834387370e-15
1.429204916390124708e+03 1.560934569667424791e-15
1.429284643096849322e+03 1.345193067775157753e-15
1.429364369804039598e+03 1.517653495551000292e-15
1.429444096510764211e+03 1.922126564176395455e-15
1.429523823217488825e+03 1.611288474772541105e-15
1.429603549924213439e+03 1.893294290570798118e-15
1.429683276631403714e+03 1.951098240876265129e-15
1.429763003338128328e+03 1.594698560259512284e-15
1.429842730044852942e+03 1.838160876329346307e-15
1.429922456752043217e+03 1.754936209962246663e-15
1.430002183458767831e+03 2.394410337701891327e-15
1.430081910165492445e+03 1.706384413774528176e-15
1.430161636872217059e+03 1.667838908960300357e-15
1.430241363579407334e+03 1.647410856552690786e-15
1.430321090286131948e+03 1.910329473098841785e-15
1.430400816992856562e+03 1.561967824131621930e-15
1.430480543699581176e+03 1.317413232606523885e-15
1.430560270406771451e+03 1.624592583047047986e-15
1.430639997113030404e+03 1.783458734206944942e-15
1.430719723820220679e+03 1.923693111907672881e-15
1.430799450526945293e+03 1.118312559848349532e-15
1.430879177233669907e+03 1.516709086902036249e-15
1.430958903940394521e+03 1.088182664854783110e-15
1.431038630647584796e+03 1.114041336654815619e-15
1.431118357354309410e+03 1.762975227611069816e-15
1.431198084061034024e+03 1.525601754943014128e-15
1.431277810767758638e+03 1.743778959632115010e-15
1.431357537474948913e+03 1.840563194116657511e-15
1.431437264181673527e+03 1.818968836897682872e-15
1.431516990888398141e+03 2.009474997212312860e-15
1.431596717595588416e+03 1.766219009765751614e-15
1.431676444302313030e+03 1.619079616170284168e-15
1.431756171009037644e+03 1.884897560320437633e-15
1.431835897715762258e+03 1.806960695649919972e-15
1.431915624422952533e+03 1.374740084987005010e-15
1.431995351129677147e+03 1.569600464489110032e-15
1.432075077836401761e+03 1.759319592229397866e-15
1.432154804543126374e+03 1.709775172689170845e-15
1.432234531250316650e+03 1.714069437825848036e-15
1.432314257957041264e+03 1.350573030626867944e-15
1.432393984663765877e+03 1.303849303592891648e-15
1.432473711370956153e+03 1.112334396521253243e-15
1.432553438077680767e+03 4.661382053860311007e-16
1.432633164784405380e+03 4.905047484129557426e-16
1.432712891491129994e+03 3.223198476513742305e-16
1.432792618198320270e+03 2.283119596932628739e-16
1.432872344905044883e+03 6.665436612619180231e-16
1.432952071611769497e+03 4.708752143960839301e-16
1.433031798318494111e+03 1.215302861567091244e-15
1.433111525025684386e+03 1.370627429008175062e-15
1.433191251732409000e+03 1.300212819096761526e-15
1.433270978439133614e+03 1.238041434566353335e-15
1.433350705146323889e+03 1.213284223235106636e-15
1.433430431853048503e+03 1.391196810186522994e-15
1.433510158559773117e+03 1.439422750152454791e-15
1.433589885266497731e+03 1.198494478728119817e-15
1.433669611973688006e+03 6.183790120706539548e-16
1.433749338680412620e+03 3.944644098609913677e-17
1.433829065387137234e+03 6.563907496433104927e-17
1.433908792093861848e+03 -6.062122159270421588e-18
1.433988518801052123e+03 1.836012238292292865e-17
1.434068245507776737e+03 1.982710693336071568e-17
1.434147972214501351e+03 -2.276057972586875793e-18
1.434227698921691626e+03 7.166234382984439573e-17
1.434307425628416240e+03 -1.386422121858797455e-18
1.434387152335140854e+03 4.584776282441249389e-17
1.434466879041865468e+03 9.598907361991109473e-17
1.434546605749055743e+03 4.568789404101467651e-17
1.434626332455780357e+03 1.976378377592794375e-17
1.434706059162504971e+03 -7.420795266710208900e-18
1.434785785869229585e+03 6.459982013197045125e-17
1.434865512575954199e+03 8.816775129674811568e-17
1.434945239282678813e+03 6.674832888069415093e-16
1.435024965989869088e+03 8.123888298730115251e-16
1.435104692696593702e+03 7.387259544879961541e-16
1.435184419403318316e+03 1.422651104058848069e-15
1.435264146110042930e+03 1.755680831332221998e-15
1.435343872817233205e+03 1.711506924932387362e-15
1.435423599523957819e+03 1.752048926107962969e-15
1.435503326230682433e+03 1.192531055759539222e-15
1.435583052937407047e+03 1.501931551580890713e-15
1.435662779644597322e+03 1.653226161252065185e-15
1.435742506351321936e+03 1.777325117172970338e-15
1.435822233058046550e+03 1.452636120022487054e-15
1.435901959765236825e+03 9.008049810261674773e-16
1.435981686471961439e+03 3.488685531048081695e-16
1.436061413178686053e+03 2.450523160258385525e-16
1.436141139885410666e+03 3.474464418618304654e-16
1.436220866592600942e+03 8.356513535479254234e-16
1.436300593299325556e+03 1.045484293157787915e-15
1.436380320006050169e+03 1.986022269559396987e-15
1.436460046712774783e+03 1.388312954168697720e-15
1.436539773419965059e+03 1.699945335483949989e-15
1.436619500126689672e+03 1.558091228956002365e-15
1.436699226833414286e+03 8.949119577451600461e-16
1.436778953540604562e+03 3.703632846908069220e-16
1.436858680247329175e+03 9.954334703378334810e-16
1.436938406954053789e+03 1.203782409464877357e-15
1.437018133660778403e+03 1.478209599799645981e-15
1.437097860367968678e+03 1.549597265278997496e-15
1.437177587074693292e+03 1.415507314208489005e-15
1.437257313781417906e+03 1.137765366313759084e-15
1.437337040488142520e+03 8.929106471926471990e-16
1.437416767195332795e+03 8.958016368160751303e-16
1.437496493902057409e+03 1.102539529203608678e-15
1.437576220608782023e+03 1.211003626729293835e-15
1.437655947315972298e+03 1.694925619715173992e-15
1.437735674022696912e+03 1.724471809746408696e-15
1.437815400729421526e+03 1.551374333784892118e-15
1.437895127436146140e+03 1.444271226299542510e-15
1.437974854143336415e+03 1.759091568313019048e-15
1.438054580850061029e+03 1.990424994617992130e-15
1.438134307556785643e+03 2.104896560825515105e-15
1.438214034263510257e+03 1.033336785211699631e-15
1.438293760970700532e+03 1.238574411850439627e-15
1.438373487677425146e+03 1.015527513831539040e-15
1.438453214384149760e+03 1.148864389746211904e-15
1.438532941091340035e+03 1.253337433460557308e-15
1.438612667798064649e+03 1.180535520744311630e-15
1.438692394504789263e+03 1.498109255849401579e-15
1.438772121211513877e+03 9.463936673672107596e-16
1.438851847918704152e+03 1.195155421496893855e-15
1.438931574625428766e+03 9.523048476762540361e-16
1.439011301331687719e+03 1.387736329872409454e-15
1.439091028038877994e+03 1.880665519018159132e-15
1.439170754745602608e+03 1.880491938888927635e-15
1.439250481452327222e+03 1.941655063871708203e-15
1.439330208159517497e+03 1.755733784126315192e-15
1.439409934866242111e+03 1.636169233800078724e-15
1.439489661572966725e+03 2.380784846598350444e-15
1.439569388279691339e+03 1.758806574813492478e-15
1.439649114986881614e+03 1.941777715317805422e-15
1.439728841693606228e+03 1.319746742201760478e-15
1.439808568400330842e+03 8.245108916755061471e-16
1.439888295107055455e+03 1.324812591901250088e-15
1.439968021814245731e+03 1.383984271701093423e-15
1.440047748520970345e+03 1.755021806612033650e-15
1.440127475227694958e+03 1.072404525542579128e-15
1.440207201934885234e+03 1.885435346832605309e-15
1.440286928641609848e+03 2.071647758171260339e-15
1.440366655348334461e+03 1.753153754856203096e-15
1.440446382055059075e+03 1.940460949661739409e-15
1.440526108762249351e+03 1.694835777974483383e-15
1.440605835468973964e+03 1.448624223741252803e-15
1.440685562175698578e+03 1.516314720273195468e-15
1.440765288882423192e+03 8.100268288687561554e-16
1.440845015589613467e+03 8.001408442979164243e-16
1.440924742296338081e+03 9.317702730173114171e-16
1.441004469003062695e+03 1.938648414959900964e-15
1.441084195710252970e+03 1.943186794330232353e-15
1.441163922416977584e+03 3.189363120087126188e-15
1.441243649123702198e+03 1.080271469358066244e-15
1.441323375830426812e+03 1.097681878589551981e-15
1.441403102537617087e+03 1.101268337063391274e-15
1.441482829244341701e+03 2.102848871910417634e-15
1.441562555951066315e+03 2.611995406803857350e-15
1.441642282657790929e+03 1.112114843761527581e-15
1.441722009364981204e+03 1.234137770008585548e-15
1.441801736071705818e+03 1.734750156273874686e-15
1.441881462778430432e+03 4.781178033191917867e-16
1.441961189485620707e+03 4.702793056245849097e-16
1.442040916192345321e+03 7.171257706087866914e-16
1.442120642899069935e+03 1.473576469785278786e-15
1.442200369605794549e+03 1.351970949318470310e-15
1.442280096312984824e+03 1.350210679196455415e-15
1.442359823019709438e+03 1.346101896904434053e-15
1.442439549726434052e+03 1.592667514218339380e-15
1.442519276433158666e+03 2.094681857987969251e-15
1.442599003140348941e+03 9.622961761796442329e-16
1.442678729847073555e+03 1.343296230961190966e-15
1.442758456553798169e+03 9.678419205017707701e-16
1.442838183260988444e+03 1.595045816057336026e-15
1.442917909967713058e+03 6.004566202262091344e-16
1.442997636674437672e+03 2.875770042787437425e-15
1.443077363381162286e+03 1.995551312667825439e-15
1.443157090087886900e+03 2.623634513001858292e-15
1.443236816794611514e+03 1.109544843229162077e-15
1.443316543501336128e+03 1.998483934705073470e-15
1.443396270208526403e+03 1.621353225895053040e-15
1.443475996915251017e+03 1.216591726421095843e-16
1.443555723621975631e+03 0.000000000000000000e+00
1.443635450329165906e+03 0.000000000000000000e+00
1.443715177035890520e+03 0.000000000000000000e+00
1.443794903742615134e+03 0.000000000000000000e+00
1.443874630449339747e+03 0.000000000000000000e+00
1.443954357156530023e+03 0.000000000000000000e+00
1.444034083863254637e+03 0.000000000000000000e+00
1.444113810569979250e+03 0.000000000000000000e+00
1.444193537276703864e+03 0.000000000000000000e+00
1.444273263983894140e+03 0.000000000000000000e+00
1.444352990690618753e+03 0.000000000000000000e+00
1.444432717397343367e+03 0.000000000000000000e+00
1.444512444104533643e+03 0.000000000000000000e+00
1.444592170811258256e+03 0.000000000000000000e+00
1.444671897517982870e+03 0.000000000000000000e+00
1.444751624224707484e+03 0.000000000000000000e+00
1.444831350931897759e+03 0.000000000000000000e+00
1.444911077638622373e+03 0.000000000000000000e+00
1.444990804345346987e+03 0.000000000000000000e+00
1.445070531052071601e+03 0.000000000000000000e+00
1.445150257759261876e+03 0.000000000000000000e+00
1.445229984465986490e+03 0.000000000000000000e+00
1.445309711172711104e+03 0.000000000000000000e+00
1.445389437879901379e+03 0.000000000000000000e+00
1.445469164586625993e+03 0.000000000000000000e+00
1.445548891293350607e+03 0.000000000000000000e+00
1.445628618000075221e+03 0.000000000000000000e+00
1.445708344707265496e+03 0.000000000000000000e+00
1.445788071413990110e+03 0.000000000000000000e+00
1.445867798120714724e+03 0.000000000000000000e+00
1.445947524827439338e+03 0.000000000000000000e+00
1.446027251534629613e+03 0.000000000000000000e+00
1.446106978241354227e+03 0.000000000000000000e+00
1.446186704948078841e+03 0.000000000000000000e+00
1.446266431655269116e+03 0.000000000000000000e+00
1.446346158361993730e+03 0.000000000000000000e+00
1.446425885068718344e+03 0.000000000000000000e+00
1.446505611775442958e+03 0.000000000000000000e+00
1.446585338482633233e+03 0.000000000000000000e+00
1.446665065189357847e+03 0.000000000000000000e+00
1.446744791896082461e+03 0.000000000000000000e+00
1.446824518602807075e+03 0.000000000000000000e+00
1.446904245309997350e+03 0.000000000000000000e+00
1.446983972016721964e+03 0.000000000000000000e+00
1.447063698723446578e+03 0.000000000000000000e+00
1.447143425430636853e+03 0.000000000000000000e+00
1.447223152137361467e+03 0.000000000000000000e+00
1.447302878843620420e+03 0.000000000000000000e+00
1.447382605550810695e+03 0.000000000000000000e+00
1.447462332257535309e+03 0.000000000000000000e+00
1.447542058964259923e+03 0.000000000000000000e+00
1.447621785670984536e+03 0.000000000000000000e+00
1.447701512378174812e+03 0.000000000000000000e+00
1.447781239084899426e+03 0.000000000000000000e+00
1.447860965791624039e+03 0.000000000000000000e+00
1.447940692498814315e+03 0.000000000000000000e+00
1.448020419205538929e+03 0.000000000000000000e+00
1.448100145912263542e+03 0.000000000000000000e+00
1.448179872618988156e+03 0.000000000000000000e+00
1.448259599326178432e+03 0.000000000000000000e+00
1.448339326032903045e+03 0.000000000000000000e+00
1.448419052739627659e+03 0.000000000000000000e+00
1.448498779446352273e+03 0.000000000000000000e+00
1.448578506153542548e+03 0.000000000000000000e+00
1.448658232860267162e+03 0.000000000000000000e+00
1.448737959566991776e+03 0.000000000000000000e+00
1.448817686274182051e+03 0.000000000000000000e+00
1.448897412980906665e+03 0.000000000000000000e+00
1.448977139687631279e+03 0.000000000000000000e+00
1.449056866394355893e+03 0.000000000000000000e+00
1.449136593101546168e+03 0.000000000000000000e+00
1.449216319808270782e+03 0.000000000000000000e+00
1.449296046514995396e+03 0.000000000000000000e+00
1.449375773221720010e+03 0.000000000000000000e+00
1.449455499928910285e+03 0.000000000000000000e+00
1.449535226635634899e+03 0.000000000000000000e+00
1.449614953342359513e+03 0.000000000000000000e+00
1.449694680049549788e+03 0.000000000000000000e+00
1.449774406756274402e+03 0.000000000000000000e+00
1.449854133462999016e+03 0.000000000000000000e+00
1.449933860169723630e+03 0.000000000000000000e+00
1.450013586876913905e+03 0.000000000000000000e+00
1.450093313583638519e+03 0.000000000000000000e+00
1.450173040290363133e+03 0.000000000000000000e+00
1.450252766997087747e+03 0.000000000000000000e+00
1.450332493704278022e+03 0.000000000000000000e+00
1.450412220411002636e+03 0.000000000000000000e+00
1.450491947117727250e+03 0.000000000000000000e+00
1.450571673824917525e+03 0.000000000000000000e+00
1.450651400531642139e+03 0.000000000000000000e+00
1.450731127238366753e+03 0.000000000000000000e+00
1.450810853945091367e+03 0.000000000000000000e+00
1.450890580652281642e+03 0.000000000000000000e+00
